335 0.770538
671 0.711048
1006 0.665722
1342 0.645892
1677 0.640227
2013 0.634561
2348 0.628895
3355 0.623229
3690 0.620397
4362 0.611898
4697 0.609065
5033 0.606232
5368 0.603399
6039 0.597734
7046 0.589235
7717 0.586402
8053 0.580737
10066 0.575071
10737 0.572238
11072 0.566572
11408 0.563739
13086 0.560907
15435 0.558074
16106 0.555241
17112 0.552408
18454 0.546742
19126 0.543909
23823 0.538244
24159 0.535411
24830 0.532578
25501 0.529745
27179 0.526912
28521 0.524079
30198 0.521246
31205 0.518414
