33 0.869865
67 0.848833
100 0.832074
134 0.818600
167 0.811699
201 0.803483
234 0.795268
268 0.789353
301 0.784095
335 0.780480
369 0.776865
402 0.772593
436 0.770621
469 0.766678
503 0.763063
536 0.761091
570 0.759777
603 0.757805
637 0.755504
671 0.754190
704 0.752547
738 0.750575
771 0.748275
805 0.747946
838 0.746632
872 0.744003
905 0.743674
973 0.742031
1006 0.739073
1040 0.738087
1073 0.734801
1107 0.732829
1140 0.731515
1174 0.730529
1207 0.728886
1241 0.727900
1275 0.727571
1308 0.726586
1342 0.725928
1375 0.725600
1409 0.724285
1476 0.723957
1509 0.722971
1543 0.722314
1577 0.721328
1610 0.720342
1644 0.719685
1677 0.719027
1711 0.718041
1744 0.717384
1778 0.716727
1811 0.716070
1845 0.715412
1912 0.714427
1946 0.714098
1979 0.713112
2046 0.712783
2080 0.712126
2113 0.711140
2147 0.710483
2181 0.710154
2214 0.709497
2248 0.709169
2281 0.707854
2315 0.707197
2348 0.706868
2415 0.705225
2483 0.704568
2516 0.703582
2550 0.702596
2583 0.702267
2650 0.701610
2684 0.700953
2717 0.699639
2751 0.699310
2785 0.698981
2852 0.698324
2919 0.697995
2952 0.697667
2986 0.697338
3019 0.697010
3053 0.696352
3120 0.694709
3154 0.694381
3187 0.693723
3221 0.693066
3254 0.692737
3321 0.691752
3355 0.691423
3422 0.691094
3456 0.690766
3489 0.690437
3523 0.690108
3590 0.689451
3623 0.689123
3657 0.688465
3791 0.687808
3825 0.687151
3858 0.686822
3925 0.686165
3959 0.685836
3992 0.685508
4026 0.684850
4127 0.684522
4160 0.684193
4194 0.683536
4227 0.683207
4261 0.681564
4294 0.680907
4328 0.680578
4362 0.680250
4429 0.679921
4462 0.679593
4496 0.678607
4529 0.677949
4731 0.677621
4764 0.677292
4798 0.676635
4898 0.676306
4932 0.675978
4999 0.675649
5033 0.674663
5100 0.674335
5133 0.674006
5234 0.673349
5335 0.673020
5368 0.672691
5469 0.672034
5536 0.671377
5603 0.670720
5670 0.669405
5771 0.669077
5838 0.668748
5872 0.668419
5905 0.667433
5972 0.667105
6006 0.666448
6073 0.665790
6106 0.664804
6140 0.664476
6241 0.664147
6308 0.663819
6341 0.663490
6408 0.663161
6442 0.662833
6476 0.662175
6509 0.661847
6543 0.661518
6610 0.661190
6643 0.660532
6677 0.660204
6710 0.659547
6777 0.658889
6945 0.658232
6979 0.657903
7046 0.657246
7180 0.656589
7314 0.656260
7381 0.655603
7482 0.654946
7516 0.654617
7583 0.653960
7616 0.653303
7818 0.652974
7918 0.652645
7952 0.651988
8086 0.651331
8153 0.650674
8187 0.650345
8254 0.649688
8287 0.649359
8321 0.649031
8355 0.648373
8422 0.647716
8489 0.647387
8522 0.647059
8657 0.646730
8690 0.646073
8724 0.645416
8824 0.645087
8925 0.644758
8992 0.644101
9093 0.643773
9193 0.643444
9227 0.643115
9261 0.642787
9563 0.642458
9596 0.642129
9663 0.641801
9764 0.641472
9865 0.641144
10066 0.640815
10099 0.640158
10234 0.639829
10267 0.639500
10334 0.639172
10468 0.638843
10536 0.638515
10569 0.638186
10636 0.637857
10972 0.637529
11005 0.637200
11072 0.636872
11106 0.636214
11307 0.635886
11475 0.635557
11542 0.635228
11609 0.634900
11744 0.634571
11844 0.634243
11911 0.633585
11978 0.633257
12113 0.632928
12180 0.632599
12247 0.631942
12549 0.631614
12784 0.630956
12817 0.630628
12851 0.630299
12985 0.629970
13052 0.629642
13086 0.628327
13287 0.627013
13388 0.626356
13488 0.626027
13522 0.625698
13723 0.625370
13891 0.625041
13958 0.624712
14126 0.624384
14294 0.624055
14529 0.623727
14663 0.623398
14864 0.623069
14998 0.622741
15099 0.621755
15166 0.621426
15200 0.621098
15300 0.620440
15401 0.620112
15569 0.619783
15602 0.619454
15636 0.619126
15669 0.618469
15737 0.617811
15837 0.617483
15971 0.617154
16273 0.616826
16374 0.616497
16408 0.616168
16542 0.615840
16609 0.615511
16777 0.615182
16810 0.614854
16978 0.614525
17146 0.614197
17213 0.613868
17314 0.613539
17582 0.613211
17750 0.612553
17884 0.612225
18018 0.611568
18152 0.610910
18421 0.610253
18454 0.609924
18488 0.609596
18756 0.609267
18857 0.608939
18891 0.608610
19293 0.608281
19360 0.607953
19562 0.607295
19595 0.606638
19864 0.606310
20065 0.605981
20132 0.605652
20166 0.604995
20266 0.604666
20333 0.604338
20568 0.604009
20602 0.603681
20635 0.603352
20770 0.603023
20870 0.602695
21072 0.602366
21374 0.602037
21474 0.601709
21642 0.601380
21810 0.601052
21843 0.600723
21877 0.600394
21911 0.599737
22112 0.599408
22179 0.599080
22280 0.598751
22313 0.598423
22414 0.598094
22615 0.597765
22716 0.597108
22783 0.596779
22817 0.596451
23286 0.596122
23454 0.595465
23622 0.595136
24024 0.594808
24125 0.594479
24494 0.594151
24595 0.593822
25031 0.593493
25199 0.593165
25400 0.592836
25434 0.592507
25501 0.592179
25702 0.591850
25904 0.591522
26340 0.591193
26373 0.590864
26608 0.590536
26809 0.590207
26910 0.589878
27011 0.589550
27078 0.589221
27279 0.588893
27481 0.588564
27514 0.588235
27883 0.587907
28051 0.587578
28118 0.586921
28521 0.586592
28689 0.586264
28756 0.585935
28890 0.585606
28957 0.584949
29527 0.584620
29896 0.584292
30266 0.583963
30299 0.583635
30333 0.583306
30467 0.582977
30702 0.582649
31843 0.582320
32178 0.581991
32614 0.581663
32782 0.581334
33185 0.581006
33453 0.580677
33822 0.580348
34124 0.580020
34326 0.579691
34393 0.579362
34762 0.579034
35500 0.578705
36574 0.578377
36876 0.578048
37044 0.577719
37111 0.577391
37278 0.577062
37715 0.576733
38285 0.576405
41540 0.576076
42110 0.575748
42412 0.575419
43922 0.575090
45197 0.574762
46103 0.574433
46976 0.574105
48653 0.573776
49694 0.573447
50163 0.573119
51606 0.572790
